start=575.083333
pause=yes
video-aspect-override=1.777778
