start=1824.823000
volume=86.000000
