start=2106.904800
volume=90.000000
